 0.9998865280E+02 0.6151733264E+02
 0.1211527628E+03 0.6340695479E+02
 0.1467799280E+03 0.6523296408E+02
 0.1778279488E+03 0.6697480303E+02
 0.2154434658E+03 0.6860542768E+02
 0.2610157188E+03 0.7009127886E+02
 0.3162277673E+03 0.7138923195E+02
 0.3831186775E+03 0.7210760490E+02
 0.4641588864E+03 0.7246563648E+02
 0.5623413120E+03 0.7243057377E+02
 0.6812920569E+03 0.7195570447E+02
 0.8254041514E+03 0.7099201250E+02
 0.9999999719E+03 0.6950571267E+02
 0.1211527666E+04 0.6742001072E+02
 0.1467799318E+04 0.6442451453E+02
 0.1778279374E+04 0.6187955034E+02
 0.2154434696E+04 0.6027442667E+02
 0.2610157188E+04 0.5821400913E+02
 0.3162277749E+04 0.5571625132E+02
 0.3831186699E+04 0.5283599610E+02
 0.4641588712E+04 0.4965692151E+02
 0.5623413272E+04 0.4625525734E+02
 0.6812920873E+04 0.4266124262E+02
 0.8254041971E+04 0.3885859184E+02
 0.1000000018E+05 0.3480815304E+02
