 0.9998865280E+02 0.6018849423E+02
 0.1211527628E+03 0.6207811637E+02
 0.1467799280E+03 0.6390412566E+02
 0.1778279488E+03 0.6564596461E+02
 0.2154434658E+03 0.6727658927E+02
 0.2610157188E+03 0.6876244044E+02
 0.3162277673E+03 0.7006039353E+02
 0.3831186775E+03 0.7077876648E+02
 0.4641588864E+03 0.7113679806E+02
 0.5623413120E+03 0.7110173535E+02
 0.6812920569E+03 0.7062686605E+02
 0.8254041514E+03 0.6966317408E+02
 0.9999999719E+03 0.6817687426E+02
 0.1211527666E+04 0.6609117230E+02
 0.1467799318E+04 0.6309567611E+02
 0.1778279374E+04 0.6055071193E+02
 0.2154434696E+04 0.5894558825E+02
 0.2610157188E+04 0.5688517071E+02
 0.3162277749E+04 0.5438741290E+02
 0.3831186699E+04 0.5150715768E+02
 0.4641588712E+04 0.4832808309E+02
 0.5623413272E+04 0.4492641893E+02
 0.6812920873E+04 0.4133240420E+02
 0.8254041971E+04 0.3752975343E+02
 0.1000000018E+05 0.3347931463E+02
